function speed_hat = speed_hat(T_bll,T_blr,T_lwl,T_lwr,dt,ll,lr,phid,sd,theta_ll,theta_lr)
%SPEED_HAT
%    SPEED_HAT = SPEED_HAT(T_bll,T_blr,T_lwl,T_lwr,DT,LL,LR,PHID,SD,THETA_LL,THETA_LR)

%    This function was generated by the Symbolic Math Toolbox version 23.2.
%    2024-07-22 20:48:09

t2 = lr.*1.402764881375407e+21;
t3 = phid.*1.896810371147265e+64;
t4 = sd.*-8.621865323396658e+64;
t6 = ll.*-5.889883111404828e+20;
t8 = ll.^2;
t9 = ll.^3;
t11 = lr.^2;
t12 = T_bll.*dt.*8.238559777232e+63;
t13 = T_blr.*dt.*8.238559777232e+63;
t14 = ll.*lr.*4.571064191316285e+22;
t15 = ll.*phid.*8.098589278181639e+63;
t16 = ll.*sd.*3.681176944628018e+64;
t17 = lr.*phid.*1.928801711891184e+64;
t18 = dt.*theta_ll.*2.556926491032284e+63;
t19 = dt.*theta_lr.*2.556926491032284e+63;
t20 = lr.*sd.*-8.767280508596292e+64;
t22 = ll.*lr.*phid.*6.285213263059892e+65;
t23 = ll.*lr.*sd.*-2.856915119572678e+66;
t10 = t8.^2;
t25 = t11.*4.953366856705334e+22;
t28 = t9.*-6.265620131925268e+22;
t30 = t8.*6.719323950946014e+22;
t31 = phid.*t11.*6.810879427969835e+65;
t33 = sd.*t11.*-3.095854285440834e+66;
t36 = phid.*t9.*8.615227681397243e+65;
t37 = lr.*t9.*2.664041191874948e+24;
t38 = phid.*t8.*9.23907043255077e+65;
t39 = sd.*t9.*3.916012582453292e+66;
t40 = lr.*t8.*9.641982057830727e+22;
t41 = sd.*t8.*-4.199577469341259e+66;
t43 = ll.*t11.*1.475068802422912e+22;
t44 = ll.*sd.*t11.*-9.2191800151432e+65;
t46 = lr.*phid.*t9.*3.663056638828053e+67;
t47 = lr.*phid.*t8.*1.325772532951725e+66;
t48 = lr.*sd.*t9.*-1.665025744921842e+68;
t50 = lr.*sd.*t8.*-6.026238786144204e+66;
t52 = ll.*phid.*t11.*2.028219603331504e+65;
t53 = t8.*t11.*2.913233036090171e+24;
t54 = phid.*t8.*t11.*4.005695424623986e+67;
t55 = sd.*t8.*t11.*-1.820770647556357e+68;
t26 = t10.*-8.040708095909046e+23;
t32 = phid.*t10.*1.105597363187494e+67;
t35 = sd.*t10.*5.025442559943154e+67;
t57 = t2+t6+t14+t25+t26+t28+t30+t37+t40+t43+t53+1.379498451743465e+21;
t58 = 1.0./t57;
et1 = t3+t4+t12+t13-t15+t16+t17+t18+t19+t20+t22+t23+t31-t32+t33+t35-t36+t38+t39+t41+t44+t46+t47+t48+t50+t52+t54+t55-T_lwl.*dt.*2.878943607332202e+65+T_lwr.*dt.*1.216070147303516e+65+T_bll.*dt.*ll.*2.191119594109415e+66+T_blr.*dt.*ll.*7.4266784871915e+64-T_lwl.*dt.*ll.*2.413592312240607e+66-T_lwr.*dt.*ll.*2.781574177623296e+64+T_bll.*dt.*lr.*1.497329187e+64+T_blr.*dt.*lr.*2.2741405277025e+66-T_lwl.*dt.*lr.*1.95391507973855e+65-T_lwr.*dt.*lr.*2.503306444871378e+66-T_bll.*dt.*t8.*1.666587003818837e+66-T_bll.*dt.*t9.*2.172264964259987e+67+T_bll.*dt.*t11.*2.29935577e+65+T_blr.*dt.*t8.*3.602230076967875e+65+T_blr.*dt.*t9.*2.348901602761457e+66-T_lwl.*dt.*t8.*4.189801604451334e+67+T_lwl.*dt.*t9.*5.92952262159179e+67+T_lwl.*dt.*t10.*4.588471980262436e+68-T_lwl.*dt.*t11.*1.130995811735e+67+T_lwr.*dt.*t8.*3.01314689936479e+66-T_lwr.*dt.*t9.*6.555103014150125e+66-T_lwr.*dt.*t10.*4.156470129130544e+67-T_lwr.*dt.*t11.*3.100347524997833e+67+dt.*ll.*theta_ll.*1.386429907248264e+66+dt.*ll.*theta_lr.*4.351186326093996e+64+dt.*lr.*theta_ll.*4.647123729825574e+63+dt.*lr.*theta_lr.*1.391733995431729e+66+dt.*t8.*theta_ll.*1.87354146427656e+68-dt.*t9.*theta_ll.*1.4963867764941e+68-dt.*t10.*theta_ll.*1.862547525708166e+69+dt.*t11.*theta_ll.*7.136300323836775e+64+dt.*t8.*theta_lr.*2.962577819948003e+65+dt.*t9.*theta_lr.*1.623703898950793e+66;
et2 = dt.*t10.*theta_lr.*5.834037954482057e+66+dt.*t11.*theta_lr.*1.893414347488867e+68-T_lwl.*dt.*t8.*t11.*1.75416969750847e+69-T_lwr.*dt.*t8.*t11.*2.01917561263338e+69+dt.*ll.*lr.*theta_ll.*1.97855895703866e+66+dt.*ll.*lr.*theta_lr.*1.198826684882215e+67+dt.*ll.*t11.*theta_ll.*4.461217983308702e+67+dt.*ll.*t11.*theta_lr.*4.200393469804976e+67+dt.*lr.*t8.*theta_ll.*2.151649188817437e+68+dt.*lr.*t9.*theta_ll.*6.419979771842165e+69+dt.*lr.*t8.*theta_lr.*7.44398805210766e+67+dt.*lr.*t9.*theta_lr.*5.412451050289215e+68+dt.*t8.*t11.*theta_ll.*6.878197511908594e+69+dt.*t8.*t11.*theta_lr.*1.158769781159178e+70+T_bll.*dt.*ll.*lr.*2.238414151740625e+66+T_blr.*dt.*ll.*lr.*5.04500509075e+65-T_lwl.*dt.*ll.*lr.*1.401979457015003e+67+T_lwr.*dt.*ll.*lr.*7.150379784039319e+66+T_bll.*dt.*ll.*t11.*8.02195233471875e+67-T_lwl.*dt.*ll.*t11.*9.481229482247917e+67-T_lwr.*dt.*ll.*t11.*3.003384083558333e+66+T_bll.*dt.*lr.*t8.*7.487538941766406e+67+T_blr.*dt.*lr.*t8.*1.391774243765488e+68-T_lwl.*dt.*lr.*t8.*1.267678263348389e+68-T_lwl.*dt.*lr.*t9.*1.695936264450763e+69-T_lwr.*dt.*lr.*t8.*1.484829685745495e+68+T_lwr.*dt.*lr.*t9.*3.856125480089668e+68;
et3 = -t3+t4+t12+t13+t15+t16-t17+t18+t19+t20-t22+t23-t31+t32+t33+t35+t36-t38+t39+t41+t44-t46-t47+t48+t50-t52-t54+t55+T_lwl.*dt.*1.216070147303516e+65-T_lwr.*dt.*2.878943607332202e+65+T_bll.*dt.*ll.*2.333864393944415e+66+T_blr.*dt.*ll.*7.4697158111915e+64-T_lwl.*dt.*ll.*2.745786031771146e+66+T_lwr.*dt.*ll.*1.533768843382398e+65+T_bll.*dt.*lr.*1.454291863e+64+T_blr.*dt.*lr.*2.1313957278675e+66+T_lwl.*dt.*lr.*2.14663845123535e+65-T_lwr.*dt.*lr.*2.762360704552702e+66-T_bll.*dt.*t8.*1.769649754268837e+66-T_bll.*dt.*t9.*2.313842518312331e+67+T_bll.*dt.*t11.*2.34015202e+65+T_blr.*dt.*t8.*3.513367685217875e+65+T_blr.*dt.*t9.*2.250224939554426e+66-T_lwl.*dt.*t8.*2.379896880613546e+67+T_lwl.*dt.*t9.*4.36752490732881e+67+T_lwl.*dt.*t10.*2.396899672071819e+68+T_lwl.*dt.*t11.*3.454231186789e+66-T_lwr.*dt.*t8.*1.712291895573318e+67+T_lwr.*dt.*t9.*1.220910748864535e+67+T_lwr.*dt.*t10.*1.988682423400615e+68-T_lwr.*dt.*t11.*4.346684820936733e+67+dt.*ll.*theta_ll.*1.430732305971386e+66+dt.*ll.*theta_lr.*4.364543426948305e+64+dt.*lr.*theta_ll.*4.513552721282487e+63+dt.*lr.*theta_lr.*1.347431596708606e+66+dt.*t8.*theta_ll.*1.99561411353766e+68-dt.*t9.*theta_ll.*1.589149047643154e+68;
et4 = dt.*t10.*theta_ll.*-1.983939219324989e+69+dt.*t11.*theta_ll.*7.262915915858155e+64+dt.*t8.*theta_lr.*2.945687722024324e+65+dt.*t9.*theta_lr.*1.571007503967175e+66+dt.*t10.*theta_lr.*5.588951741549736e+66+dt.*t11.*theta_lr.*1.774567227557335e+68-T_lwl.*dt.*t8.*t11.*9.549916941787888e+68-T_lwr.*dt.*t8.*t11.*2.764444660046655e+69+dt.*ll.*lr.*theta_ll.*1.991918866779009e+66+dt.*ll.*lr.*theta_lr.*1.16527768599971e+67+dt.*ll.*t11.*theta_ll.*4.65275609887628e+67+dt.*ll.*t11.*theta_lr.*3.750177079825221e+67+dt.*lr.*t8.*theta_ll.*2.304548628936298e+68+dt.*lr.*t9.*theta_ll.*6.808000527283175e+69+dt.*lr.*t8.*theta_lr.*7.106564276320142e+67+dt.*lr.*t9.*theta_lr.*5.130220318315282e+68+dt.*t8.*t11.*theta_ll.*7.310715646616996e+69+dt.*t8.*t11.*theta_lr.*1.091701877446952e+70+T_bll.*dt.*ll.*lr.*2.400358069040625e+66+T_blr.*dt.*ll.*lr.*4.504259564e+65-T_lwl.*dt.*ll.*lr.*4.952109472277688e+65-T_lwr.*dt.*ll.*lr.*6.638001566912856e+66+T_bll.*dt.*ll.*t11.*8.5263926120625e+67-T_lwl.*dt.*ll.*t11.*9.6026470170405e+67-T_lwr.*dt.*ll.*t11.*6.29771764782e+66+T_bll.*dt.*lr.*t8.*7.940082504180859e+67+T_blr.*dt.*lr.*t8.*1.311220381826973e+68-T_lwl.*dt.*lr.*t8.*1.05690234575141e+68-T_lwl.*dt.*lr.*t9.*9.59826038944112e+68-T_lwr.*dt.*lr.*t8.*1.681962847822255e+68-T_lwr.*dt.*lr.*t9.*4.256823462263958e+68;
speed_hat = [t58.*(et1+et2).*-2.666666666666667e-43;t58.*(et3+et4).*-2.666666666666667e-43];
end
